key	label	kind	role	is_source	is_sink	value	n_ids	ids	blocks	order	provenance	args	meta
A:context	A · agent context (dedup merge)	merge	context	0	0	74463	83	BLKconstr_1;BLKconstr_2;BLKpoint_1;BLKpoint_14;BLKpoint_15;BLKpoint_16;BLKpoint_17;BLKpoint_18;BLKpoint_19;BLKpoint_2;BLKpoint_20;BLKpoint_21;BLKpoint_24;BLKpoint_25;BLKpoint_26;BLKpoint_27;BLKpoint_28;BLKpoint_29;BLKpoint_3;BLKpoint_30;BLKpoint_31;BLKpoint_4;BLKpoint_5;BLKpoint_6;BLKpoint_7;BLKpoint_8;BLKpropAssessment_1_1;BLKprop_1;BLKvar_1;BLKvar_2;DOIcompSample_1_1;DOIcompSample_2_1;DOIcompSample_3_1;DOIcompSample_4_1;DOIcompSample_6_1;DOIcompSample_7_1;DOIcompSample_8_1;DOIcomp_1;DOIcomp_2;DOIcomp_3;DOIcomp_4;DOIcomp_6;DOIcomp_7;DOIcomp_8;GLOBblocktype_1;GLOBcomp_1;GLOBcomp_2;GLOBconstr_1;GLOBconstr_2;GLOBconstr_8;GLOBlit_10159;GLOBlit_10159::PROPblock_8;GLOBlit_10699;GLOBlit_10699::PROPblock_5;GLOBlit_2825;GLOBlit_2825::PROPblock_11;GLOBlit_5201;GLOBlit_5201::PROPblock_11;GLOBlit_5201::PROPblock_21;GLOBlit_7178;GLOBlit_7178::PROPblock_11;GLOBlit_7448;GLOBlit_7448::PROPblock_47;GLOBlit_7676;GLOBlit_7676::PROPblock_18;GLOBmeas_11;GLOBmeas_140;GLOBmeas_4;GLOBmeas_8;GLOBmeas_988;GLOBphase_1;GLOBprop_4;GLOBsolvent_1;GLOBvar_1;GLOBvar_2;GLOBvar_4;GLOBvar_5;PROPblock_11;PROPblock_18;PROPblock_21;PROPblock_47;PROPblock_5;PROPblock_8	GLOBlit_10159::PROPblock_8;GLOBlit_10699::PROPblock_5;GLOBlit_2825::PROPblock_11;GLOBlit_5201::PROPblock_11;GLOBlit_5201::PROPblock_21;GLOBlit_7178::PROPblock_11;GLOBlit_7448::PROPblock_47;GLOBlit_7676::PROPblock_18;PROPblock_11;PROPblock_18;PROPblock_21;PROPblock_47;PROPblock_5;PROPblock_8	1			agent=A_L0;sid=A
grp:A|support|SEED	A · SEED	hardmeta	support	1	0	250	0			2	result.md::Question		
grp:A|support|WM_RENDER	A · WM_RENDER	hardmeta	support	1	0	13540	28	BLKprop_1;GLOBcomp_1;GLOBcomp_2;GLOBconstr_1;GLOBlit_10159;GLOBlit_10159::PROPblock_8;GLOBlit_10699;GLOBlit_10699::PROPblock_5;GLOBlit_2825;GLOBlit_2825::PROPblock_11;GLOBlit_5201;GLOBlit_5201::PROPblock_11;GLOBlit_5201::PROPblock_21;GLOBlit_7178;GLOBlit_7178::PROPblock_11;GLOBlit_7448;GLOBlit_7448::PROPblock_47;GLOBlit_7676;GLOBlit_7676::PROPblock_18;GLOBprop_4;GLOBvar_1;GLOBvar_2;PROPblock_11;PROPblock_18;PROPblock_21;PROPblock_47;PROPblock_5;PROPblock_8	GLOBlit_10159::PROPblock_8;GLOBlit_10699::PROPblock_5;GLOBlit_2825::PROPblock_11;GLOBlit_5201::PROPblock_11;GLOBlit_5201::PROPblock_21;GLOBlit_7178::PROPblock_11;GLOBlit_7448::PROPblock_47;GLOBlit_7676::PROPblock_18;PROPblock_11;PROPblock_18;PROPblock_21;PROPblock_47;PROPblock_5;PROPblock_8	3	_working_memory.md::A		
A/L1#1:context	L1#1 · agent context (dedup merge)	merge	context	0	0	5920	47	BLKpoint_1;BLKpoint_14;BLKpoint_15;BLKpoint_16;BLKpoint_17;BLKpoint_18;BLKpoint_19;BLKpoint_2;BLKpoint_20;BLKpoint_21;BLKpoint_24;BLKpoint_25;BLKpoint_26;BLKpoint_27;BLKpoint_28;BLKpoint_29;BLKpoint_3;BLKpoint_30;BLKpoint_31;BLKpoint_4;BLKpoint_5;BLKpoint_6;BLKpoint_7;BLKpoint_8;GLOBcomp_1;GLOBcomp_2;GLOBlit_10159;GLOBlit_10159::PROPblock_8;GLOBlit_10699;GLOBlit_10699::PROPblock_5;GLOBlit_2825;GLOBlit_2825::PROPblock_11;GLOBlit_5201;GLOBlit_5201::PROPblock_21;GLOBlit_7178;GLOBlit_7178::PROPblock_11;GLOBlit_7448;GLOBlit_7448::PROPblock_47;GLOBlit_7676;GLOBlit_7676::PROPblock_18;GLOBprop_4;PROPblock_11;PROPblock_18;PROPblock_21;PROPblock_47;PROPblock_5;PROPblock_8	GLOBlit_10159::PROPblock_8;GLOBlit_10699::PROPblock_5;GLOBlit_2825::PROPblock_11;GLOBlit_5201::PROPblock_21;GLOBlit_7178::PROPblock_11;GLOBlit_7448::PROPblock_47;GLOBlit_7676::PROPblock_18;PROPblock_11;PROPblock_18;PROPblock_21;PROPblock_47;PROPblock_5;PROPblock_8	5			agent=Q_L1;sid=A/L1#1
grp:A/L1#1|support|BRIEF	L1#1 · dispatch brief	delegated	support	1	0	448	1	GLOBprop_4		6	run_history.md::Step 2 [A · c9]		
grp:A|error|asis:src	A · error · delivered as-is (direct call) (9×)	agentic	asis	1	0	2713	0			10	run_history.md::Step 1 [A · c1] | run_history.md::Step 3 [A · c10] | run_history.md::Step 4 [A · c11] | run_history.md::Step 6 [A · c13] | run_history.md::Step 7 [A · c14] | run_history.md::Step 8 [A · c15] | run_history.md::Step 10 [A · c17] | run_history.md::Step 11 [A · c18] | run_history.md::Step 12 [A · c19]		
grp:A/L1#1|search|raw	L1#1 · resolve_compound_ids · raw results (+1 merged)	raw	raw	1	0	62099	66	BLKconstr_1;BLKconstr_2;BLKpropAssessment_1_1;BLKprop_1;BLKvar_1;BLKvar_2;DOIcompSample_1_1;DOIcompSample_2_1;DOIcompSample_3_1;DOIcompSample_4_1;DOIcompSample_6_1;DOIcompSample_7_1;DOIcompSample_8_1;DOIcomp_1;DOIcomp_2;DOIcomp_3;DOIcomp_4;DOIcomp_6;DOIcomp_7;DOIcomp_8;GLOBcomp_1;GLOBcomp_2;GLOBconstr_1;GLOBconstr_2;GLOBconstr_8;GLOBlit_10159;GLOBlit_10159::PROPblock_8;GLOBlit_10699;GLOBlit_10699::PROPblock_5;GLOBlit_11005;GLOBlit_11005::PROPblock_7;GLOBlit_11136;GLOBlit_11136::PROPblock_8;GLOBlit_11792;GLOBlit_11792::PROPblock_2;GLOBlit_2825;GLOBlit_2825::PROPblock_11;GLOBlit_5201;GLOBlit_5201::PROPblock_21;GLOBlit_7178;GLOBlit_7178::PROPblock_11;GLOBlit_7448;GLOBlit_7448::PROPblock_47;GLOBlit_7676;GLOBlit_7676::PROPblock_18;GLOBmeas_11;GLOBmeas_140;GLOBmeas_165;GLOBmeas_4;GLOBmeas_8;GLOBmeas_988;GLOBphase_1;GLOBprop_4;GLOBsolvent_1;GLOBvar_1;GLOBvar_2;GLOBvar_4;GLOBvar_5;PROPblock_11;PROPblock_18;PROPblock_2;PROPblock_21;PROPblock_47;PROPblock_5;PROPblock_7;PROPblock_8	GLOBlit_10159::PROPblock_8;GLOBlit_10699::PROPblock_5;GLOBlit_11005::PROPblock_7;GLOBlit_11136::PROPblock_8;GLOBlit_11792::PROPblock_2;GLOBlit_2825::PROPblock_11;GLOBlit_5201::PROPblock_21;GLOBlit_7178::PROPblock_11;GLOBlit_7448::PROPblock_47;GLOBlit_7676::PROPblock_18;PROPblock_11;PROPblock_18;PROPblock_2;PROPblock_21;PROPblock_47;PROPblock_5;PROPblock_7;PROPblock_8	20	run_history.md::Step 2 [A - L1_1 · c2] | run_history.md::Step 4 [A - L1_1 · c3]		
grp:A/L1#1|search|hardcoded	L1#1 · resolve_compound_ids · hardcoded compact (+1 merged)	hardcoded	hardcoded	0	0	6560	46	DOIcomp_4;GLOBcomp_1;GLOBcomp_2;GLOBconstr_1;GLOBconstr_2;GLOBconstr_8;GLOBlit_10159;GLOBlit_10159::PROPblock_8;GLOBlit_10699;GLOBlit_10699::PROPblock_5;GLOBlit_11005;GLOBlit_11005::PROPblock_7;GLOBlit_11136;GLOBlit_11136::PROPblock_8;GLOBlit_11792;GLOBlit_11792::PROPblock_2;GLOBlit_2825;GLOBlit_2825::PROPblock_11;GLOBlit_5201;GLOBlit_5201::PROPblock_21;GLOBlit_7178;GLOBlit_7178::PROPblock_11;GLOBlit_7448;GLOBlit_7448::PROPblock_47;GLOBlit_7676;GLOBlit_7676::PROPblock_18;GLOBmeas_11;GLOBmeas_140;GLOBmeas_165;GLOBmeas_4;GLOBmeas_8;GLOBmeas_988;GLOBprop_4;GLOBsolvent_1;GLOBvar_1;GLOBvar_2;GLOBvar_4;GLOBvar_5;PROPblock_11;PROPblock_18;PROPblock_2;PROPblock_21;PROPblock_47;PROPblock_5;PROPblock_7;PROPblock_8	GLOBlit_10159::PROPblock_8;GLOBlit_10699::PROPblock_5;GLOBlit_11005::PROPblock_7;GLOBlit_11136::PROPblock_8;GLOBlit_11792::PROPblock_2;GLOBlit_2825::PROPblock_11;GLOBlit_5201::PROPblock_21;GLOBlit_7178::PROPblock_11;GLOBlit_7448::PROPblock_47;GLOBlit_7676::PROPblock_18;PROPblock_11;PROPblock_18;PROPblock_2;PROPblock_21;PROPblock_47;PROPblock_5;PROPblock_7;PROPblock_8	21	run_history.md::Step 2 [A - L1_1 · c2] | run_history.md::Step 4 [A - L1_1 · c3]		
grp:A/L1#1|search|agentic	L1#1 · resolve_compound_ids · agentic kept (+1 merged)	agentic	agentic	0	0	1440	22	GLOBcomp_1;GLOBcomp_2;GLOBlit_10159;GLOBlit_10159::PROPblock_8;GLOBlit_10699;GLOBlit_10699::PROPblock_5;GLOBlit_2825;GLOBlit_2825::PROPblock_11;GLOBlit_5201;GLOBlit_5201::PROPblock_21;GLOBlit_7178;GLOBlit_7178::PROPblock_11;GLOBlit_7448;GLOBlit_7448::PROPblock_47;GLOBlit_7676;GLOBlit_7676::PROPblock_18;PROPblock_11;PROPblock_18;PROPblock_21;PROPblock_47;PROPblock_5;PROPblock_8	GLOBlit_10159::PROPblock_8;GLOBlit_10699::PROPblock_5;GLOBlit_2825::PROPblock_11;GLOBlit_5201::PROPblock_21;GLOBlit_7178::PROPblock_11;GLOBlit_7448::PROPblock_47;GLOBlit_7676::PROPblock_18;PROPblock_11;PROPblock_18;PROPblock_21;PROPblock_47;PROPblock_5;PROPblock_8	22	run_history.md::Step 2 [A - L1_1 · c2] | run_history.md::Step 4 [A - L1_1 · c3]		
grp:A/L1#1|sink|hardcoded_cut	L1#1 · hardcoded compaction cut	removed	sink	0	1	65235	20	BLKconstr_1;BLKconstr_2;BLKpropAssessment_1_1;BLKprop_1;BLKvar_1;BLKvar_2;DOIcompSample_1_1;DOIcompSample_2_1;DOIcompSample_3_1;DOIcompSample_4_1;DOIcompSample_6_1;DOIcompSample_7_1;DOIcompSample_8_1;DOIcomp_1;DOIcomp_2;DOIcomp_3;DOIcomp_6;DOIcomp_7;DOIcomp_8;GLOBphase_1		25			
grp:A/L1#1|sink|triage_cut	L1#1 · agentic triage cut	removed	sink	0	1	5120	26	DOIcomp_4;GLOBcomp_1;GLOBcomp_2;GLOBconstr_1;GLOBconstr_2;GLOBconstr_8;GLOBlit_11005;GLOBlit_11005::PROPblock_7;GLOBlit_11136;GLOBlit_11136::PROPblock_8;GLOBlit_11792;GLOBlit_11792::PROPblock_2;GLOBmeas_11;GLOBmeas_140;GLOBmeas_165;GLOBmeas_4;GLOBmeas_8;GLOBmeas_988;GLOBprop_4;GLOBsolvent_1;GLOBvar_1;GLOBvar_2;GLOBvar_4;GLOBvar_5;PROPblock_2;PROPblock_7	GLOBlit_11005::PROPblock_7;GLOBlit_11136::PROPblock_8;GLOBlit_11792::PROPblock_2;PROPblock_2;PROPblock_7	25			
A/L1#1:answer	L1#1 · answer	answer	answer	0	0	4514	24	GLOBcomp_1;GLOBcomp_2;GLOBlit_10159;GLOBlit_10159::PROPblock_8;GLOBlit_10699;GLOBlit_10699::PROPblock_5;GLOBlit_2825;GLOBlit_2825::PROPblock_11;GLOBlit_5201;GLOBlit_5201::PROPblock_11;GLOBlit_5201::PROPblock_21;GLOBlit_7178;GLOBlit_7178::PROPblock_11;GLOBlit_7448;GLOBlit_7448::PROPblock_47;GLOBlit_7676;GLOBlit_7676::PROPblock_18;GLOBprop_4;PROPblock_11;PROPblock_18;PROPblock_21;PROPblock_47;PROPblock_5;PROPblock_8	GLOBlit_10159::PROPblock_8;GLOBlit_10699::PROPblock_5;GLOBlit_2825::PROPblock_11;GLOBlit_5201::PROPblock_11;GLOBlit_5201::PROPblock_21;GLOBlit_7178::PROPblock_11;GLOBlit_7448::PROPblock_47;GLOBlit_7676::PROPblock_18;PROPblock_11;PROPblock_18;PROPblock_21;PROPblock_47;PROPblock_5;PROPblock_8	28	run_history.md::Step 2 [A · c9]		
grp:A/L1#1|introduced	L1#1 · newly written by the agent (LLM additions)	introduced	introduced	1	0	1303	1	GLOBlit_5201::PROPblock_11	GLOBlit_5201::PROPblock_11	29			
A/L1#1:deliverable	L1#1 · result envelope to A (deliverable)	envelope	deliverable	0	0	54901	83	BLKconstr_1;BLKconstr_2;BLKpoint_1;BLKpoint_14;BLKpoint_15;BLKpoint_16;BLKpoint_17;BLKpoint_18;BLKpoint_19;BLKpoint_2;BLKpoint_20;BLKpoint_21;BLKpoint_24;BLKpoint_25;BLKpoint_26;BLKpoint_27;BLKpoint_28;BLKpoint_29;BLKpoint_3;BLKpoint_30;BLKpoint_31;BLKpoint_4;BLKpoint_5;BLKpoint_6;BLKpoint_7;BLKpoint_8;BLKpropAssessment_1_1;BLKprop_1;BLKvar_1;BLKvar_2;DOIcompSample_1_1;DOIcompSample_2_1;DOIcompSample_3_1;DOIcompSample_4_1;DOIcompSample_6_1;DOIcompSample_7_1;DOIcompSample_8_1;DOIcomp_1;DOIcomp_2;DOIcomp_3;DOIcomp_4;DOIcomp_6;DOIcomp_7;DOIcomp_8;GLOBblocktype_1;GLOBcomp_1;GLOBcomp_2;GLOBconstr_1;GLOBconstr_2;GLOBconstr_8;GLOBlit_10159;GLOBlit_10159::PROPblock_8;GLOBlit_10699;GLOBlit_10699::PROPblock_5;GLOBlit_2825;GLOBlit_2825::PROPblock_11;GLOBlit_5201;GLOBlit_5201::PROPblock_11;GLOBlit_5201::PROPblock_21;GLOBlit_7178;GLOBlit_7178::PROPblock_11;GLOBlit_7448;GLOBlit_7448::PROPblock_47;GLOBlit_7676;GLOBlit_7676::PROPblock_18;GLOBmeas_11;GLOBmeas_140;GLOBmeas_4;GLOBmeas_8;GLOBmeas_988;GLOBphase_1;GLOBprop_4;GLOBsolvent_1;GLOBvar_1;GLOBvar_2;GLOBvar_4;GLOBvar_5;PROPblock_11;PROPblock_18;PROPblock_21;PROPblock_47;PROPblock_5;PROPblock_8	GLOBlit_10159::PROPblock_8;GLOBlit_10699::PROPblock_5;GLOBlit_2825::PROPblock_11;GLOBlit_5201::PROPblock_11;GLOBlit_5201::PROPblock_21;GLOBlit_7178::PROPblock_11;GLOBlit_7448::PROPblock_47;GLOBlit_7676::PROPblock_18;PROPblock_11;PROPblock_18;PROPblock_21;PROPblock_47;PROPblock_5;PROPblock_8	30	run_history.md::Step 2 [A · c9]		
grp:A/L1#1|env|written	L1#1 · envelope · LLM-written fields	envelope	envelope_part	0	0	2700	1	GLOBlit_5201::PROPblock_11	GLOBlit_5201::PROPblock_11	31	run_history.md::Step 2 [A · c9]		
grp:A/L1#1|env|hydrated	L1#1 · envelope · DB-hydrated fields	envelope	envelope_part	0	0	27549	35	BLKconstr_1;BLKconstr_2;BLKpropAssessment_1_1;BLKprop_1;BLKvar_1;BLKvar_2;DOIcompSample_1_1;DOIcompSample_2_1;DOIcompSample_3_1;DOIcompSample_4_1;DOIcompSample_6_1;DOIcompSample_7_1;DOIcompSample_8_1;DOIcomp_1;DOIcomp_2;DOIcomp_3;DOIcomp_4;DOIcomp_6;DOIcomp_7;DOIcomp_8;GLOBblocktype_1;GLOBconstr_1;GLOBconstr_2;GLOBconstr_8;GLOBmeas_11;GLOBmeas_140;GLOBmeas_4;GLOBmeas_8;GLOBmeas_988;GLOBphase_1;GLOBsolvent_1;GLOBvar_1;GLOBvar_2;GLOBvar_4;GLOBvar_5		32	run_history.md::Step 2 [A · c9]		
grp:A/L1#1|support|HYDRATION	L1#1 · DB hydration (workflow enrichment)	payload	support	1	0	27549	35	BLKconstr_1;BLKconstr_2;BLKpropAssessment_1_1;BLKprop_1;BLKvar_1;BLKvar_2;DOIcompSample_1_1;DOIcompSample_2_1;DOIcompSample_3_1;DOIcompSample_4_1;DOIcompSample_6_1;DOIcompSample_7_1;DOIcompSample_8_1;DOIcomp_1;DOIcomp_2;DOIcomp_3;DOIcomp_4;DOIcomp_6;DOIcomp_7;DOIcomp_8;GLOBblocktype_1;GLOBconstr_1;GLOBconstr_2;GLOBconstr_8;GLOBmeas_11;GLOBmeas_140;GLOBmeas_4;GLOBmeas_8;GLOBmeas_988;GLOBphase_1;GLOBsolvent_1;GLOBvar_1;GLOBvar_2;GLOBvar_4;GLOBvar_5		33			
grp:A/L1#1|env|wm	L1#1 · envelope · WM-assembled fields	envelope	envelope_part	0	0	9	0			34	run_history.md::Step 2 [A · c9]		
grp:A/L1#1|env|ledger	L1#1 · envelope · inspection ledger (data_inspections)	envelope	envelope_part	0	0	4394	30	BLKpoint_1;BLKpoint_14;BLKpoint_15;BLKpoint_16;BLKpoint_17;BLKpoint_18;BLKpoint_19;BLKpoint_2;BLKpoint_20;BLKpoint_21;BLKpoint_24;BLKpoint_25;BLKpoint_26;BLKpoint_27;BLKpoint_28;BLKpoint_29;BLKpoint_3;BLKpoint_30;BLKpoint_31;BLKpoint_4;BLKpoint_5;BLKpoint_6;BLKpoint_7;BLKpoint_8;GLOBlit_2825;GLOBlit_5201;GLOBlit_7676;PROPblock_11;PROPblock_18;PROPblock_21	PROPblock_11;PROPblock_18;PROPblock_21	35	run_history.md::Step 2 [A · c9]		
grp:A/L1#1|support|LEDGER	L1#1 · inspection ledger (data_inspections)	validation	support	1	0	4394	30	BLKpoint_1;BLKpoint_14;BLKpoint_15;BLKpoint_16;BLKpoint_17;BLKpoint_18;BLKpoint_19;BLKpoint_2;BLKpoint_20;BLKpoint_21;BLKpoint_24;BLKpoint_25;BLKpoint_26;BLKpoint_27;BLKpoint_28;BLKpoint_29;BLKpoint_3;BLKpoint_30;BLKpoint_31;BLKpoint_4;BLKpoint_5;BLKpoint_6;BLKpoint_7;BLKpoint_8;GLOBlit_2825;GLOBlit_5201;GLOBlit_7676;PROPblock_11;PROPblock_18;PROPblock_21	PROPblock_11;PROPblock_18;PROPblock_21	36	run_history.md::Step 2 [A · c9]		
grp:A/L1#1|env|scaffold	L1#1 · envelope · JSON scaffolding	envelope	envelope_part	0	0	15735	0			37	run_history.md::Step 2 [A · c9]		
grp:A/L1#1|support|SCAFFOLD	L1#1 · envelope JSON scaffolding	hardmeta	support	1	0	15735	0			38			
grp:A/L1#1|error|asis:src	L1#1 · inspect_block_table · delivered as-is	validation	asis	1	0	261	0			40	run_history.md::Step 6 [A - L1_1 · c4]		
grp:A/L1#1|inspection|raw	L1#1 · inspect_block_table · raw results (4×)	validation	raw	1	0	13467	33	BLKpoint_1;BLKpoint_14;BLKpoint_15;BLKpoint_16;BLKpoint_17;BLKpoint_18;BLKpoint_19;BLKpoint_2;BLKpoint_20;BLKpoint_21;BLKpoint_24;BLKpoint_25;BLKpoint_26;BLKpoint_27;BLKpoint_28;BLKpoint_29;BLKpoint_3;BLKpoint_30;BLKpoint_31;BLKpoint_4;BLKpoint_5;BLKpoint_6;BLKpoint_7;BLKpoint_8;GLOBlit_2825;GLOBlit_2825::PROPblock_11;GLOBlit_5201;GLOBlit_5201::PROPblock_21;GLOBlit_7676;GLOBlit_7676::PROPblock_18;PROPblock_11;PROPblock_18;PROPblock_21	GLOBlit_2825::PROPblock_11;GLOBlit_5201::PROPblock_21;GLOBlit_7676::PROPblock_18;PROPblock_11;PROPblock_18;PROPblock_21	50	run_history.md::Step 7 [A - L1_1 · c5] | run_history.md::Step 8 [A - L1_1 · c6] | run_history.md::Step 9 [A - L1_1 · c7] | run_history.md::Step 10 [A - L1_1 · c8]		
grp:A/L1#1|inspection|hardcoded	L1#1 · inspect_block_table · hardcoded compact (4×)	validation	hardcoded	0	0	3771	33	BLKpoint_1;BLKpoint_14;BLKpoint_15;BLKpoint_16;BLKpoint_17;BLKpoint_18;BLKpoint_19;BLKpoint_2;BLKpoint_20;BLKpoint_21;BLKpoint_24;BLKpoint_25;BLKpoint_26;BLKpoint_27;BLKpoint_28;BLKpoint_29;BLKpoint_3;BLKpoint_30;BLKpoint_31;BLKpoint_4;BLKpoint_5;BLKpoint_6;BLKpoint_7;BLKpoint_8;GLOBlit_2825;GLOBlit_2825::PROPblock_11;GLOBlit_5201;GLOBlit_5201::PROPblock_21;GLOBlit_7676;GLOBlit_7676::PROPblock_18;PROPblock_11;PROPblock_18;PROPblock_21	GLOBlit_2825::PROPblock_11;GLOBlit_5201::PROPblock_21;GLOBlit_7676::PROPblock_18;PROPblock_11;PROPblock_18;PROPblock_21	51	run_history.md::Step 7 [A - L1_1 · c5] | run_history.md::Step 8 [A - L1_1 · c6] | run_history.md::Step 9 [A - L1_1 · c7] | run_history.md::Step 10 [A - L1_1 · c8]		
grp:A/L1#1|inspection|asis	L1#1 · inspect_block_table · delivered as-is (4×)	validation	asis	0	0	3771	33	BLKpoint_1;BLKpoint_14;BLKpoint_15;BLKpoint_16;BLKpoint_17;BLKpoint_18;BLKpoint_19;BLKpoint_2;BLKpoint_20;BLKpoint_21;BLKpoint_24;BLKpoint_25;BLKpoint_26;BLKpoint_27;BLKpoint_28;BLKpoint_29;BLKpoint_3;BLKpoint_30;BLKpoint_31;BLKpoint_4;BLKpoint_5;BLKpoint_6;BLKpoint_7;BLKpoint_8;GLOBlit_2825;GLOBlit_2825::PROPblock_11;GLOBlit_5201;GLOBlit_5201::PROPblock_21;GLOBlit_7676;GLOBlit_7676::PROPblock_18;PROPblock_11;PROPblock_18;PROPblock_21	GLOBlit_2825::PROPblock_11;GLOBlit_5201::PROPblock_21;GLOBlit_7676::PROPblock_18;PROPblock_11;PROPblock_18;PROPblock_21	52	run_history.md::Step 7 [A - L1_1 · c5] | run_history.md::Step 8 [A - L1_1 · c6] | run_history.md::Step 9 [A - L1_1 · c7] | run_history.md::Step 10 [A - L1_1 · c8]		
A:answer	A · answer	answer	answer	0	0	5059	6	GLOBlit_2825;GLOBlit_2825::PROPblock_11;GLOBlit_5201;GLOBlit_5201::PROPblock_21;PROPblock_11;PROPblock_21	GLOBlit_2825::PROPblock_11;GLOBlit_5201::PROPblock_21;PROPblock_11;PROPblock_21	61	result.md::run_20260905_060718_681173_cc40f253 | result.md::## Data Inspections		
A:deliverable	A · result envelope to caller (deliverable)	envelope	deliverable	0	1	15113	33	BLKpoint_1;BLKpoint_14;BLKpoint_15;BLKpoint_16;BLKpoint_17;BLKpoint_18;BLKpoint_19;BLKpoint_2;BLKpoint_20;BLKpoint_21;BLKpoint_24;BLKpoint_25;BLKpoint_26;BLKpoint_27;BLKpoint_28;BLKpoint_29;BLKpoint_3;BLKpoint_30;BLKpoint_31;BLKpoint_4;BLKpoint_5;BLKpoint_6;BLKpoint_7;BLKpoint_8;GLOBlit_2825;GLOBlit_2825::PROPblock_11;GLOBlit_5201;GLOBlit_5201::PROPblock_21;GLOBlit_7676;GLOBlit_7676::PROPblock_18;PROPblock_11;PROPblock_18;PROPblock_21	GLOBlit_2825::PROPblock_11;GLOBlit_5201::PROPblock_21;GLOBlit_7676::PROPblock_18;PROPblock_11;PROPblock_18;PROPblock_21	62	result.md::run_20260905_060718_681173_cc40f253 | result.md::## Data Inspections		
grp:A|env|written	A · envelope · LLM-written fields	envelope	envelope_part	0	0	1411	0			63	result.md::run_20260905_060718_681173_cc40f253 | result.md::## Data Inspections		
grp:A|env|wm	A · envelope · WM-assembled fields	envelope	envelope_part	0	0	1746	0			64	result.md::run_20260905_060718_681173_cc40f253 | result.md::## Data Inspections		
grp:A|env|ledger	A · envelope · inspection ledger (data_inspections)	envelope	envelope_part	0	0	6279	33	BLKpoint_1;BLKpoint_14;BLKpoint_15;BLKpoint_16;BLKpoint_17;BLKpoint_18;BLKpoint_19;BLKpoint_2;BLKpoint_20;BLKpoint_21;BLKpoint_24;BLKpoint_25;BLKpoint_26;BLKpoint_27;BLKpoint_28;BLKpoint_29;BLKpoint_3;BLKpoint_30;BLKpoint_31;BLKpoint_4;BLKpoint_5;BLKpoint_6;BLKpoint_7;BLKpoint_8;GLOBlit_2825;GLOBlit_2825::PROPblock_11;GLOBlit_5201;GLOBlit_5201::PROPblock_21;GLOBlit_7676;GLOBlit_7676::PROPblock_18;PROPblock_11;PROPblock_18;PROPblock_21	GLOBlit_2825::PROPblock_11;GLOBlit_5201::PROPblock_21;GLOBlit_7676::PROPblock_18;PROPblock_11;PROPblock_18;PROPblock_21	65	result.md::run_20260905_060718_681173_cc40f253 | result.md::## Data Inspections		
grp:A|support|LEDGER	A · LEDGER	validation	support	1	0	6279	33	BLKpoint_1;BLKpoint_14;BLKpoint_15;BLKpoint_16;BLKpoint_17;BLKpoint_18;BLKpoint_19;BLKpoint_2;BLKpoint_20;BLKpoint_21;BLKpoint_24;BLKpoint_25;BLKpoint_26;BLKpoint_27;BLKpoint_28;BLKpoint_29;BLKpoint_3;BLKpoint_30;BLKpoint_31;BLKpoint_4;BLKpoint_5;BLKpoint_6;BLKpoint_7;BLKpoint_8;GLOBlit_2825;GLOBlit_2825::PROPblock_11;GLOBlit_5201;GLOBlit_5201::PROPblock_21;GLOBlit_7676;GLOBlit_7676::PROPblock_18;PROPblock_11;PROPblock_18;PROPblock_21	GLOBlit_2825::PROPblock_11;GLOBlit_5201::PROPblock_21;GLOBlit_7676::PROPblock_18;PROPblock_11;PROPblock_18;PROPblock_21	66	result.md::run_20260905_060718_681173_cc40f253 | result.md::## Data Inspections		
grp:A|env|scaffold	A · envelope · JSON scaffolding	envelope	envelope_part	0	0	618	0			67	result.md::run_20260905_060718_681173_cc40f253 | result.md::## Data Inspections		
grp:A|support|SCAFFOLD	A · SCAFFOLD	hardmeta	support	1	0	618	0			68			
grp:A|sink|condensed_in_synthesis	A · condensed away in synthesis	removed	sink	0	1	48313	0			71			
grp:A|sink|memory_uncited	A · memory carry not cited (WM render / transient)	removed	sink	0	1	13540	22	BLKprop_1;GLOBcomp_1;GLOBcomp_2;GLOBconstr_1;GLOBlit_10159;GLOBlit_10159::PROPblock_8;GLOBlit_10699;GLOBlit_10699::PROPblock_5;GLOBlit_5201::PROPblock_11;GLOBlit_7178;GLOBlit_7178::PROPblock_11;GLOBlit_7448;GLOBlit_7448::PROPblock_47;GLOBlit_7676;GLOBlit_7676::PROPblock_18;GLOBprop_4;GLOBvar_1;GLOBvar_2;PROPblock_18;PROPblock_47;PROPblock_5;PROPblock_8	GLOBlit_10159::PROPblock_8;GLOBlit_10699::PROPblock_5;GLOBlit_5201::PROPblock_11;GLOBlit_7178::PROPblock_11;GLOBlit_7448::PROPblock_47;GLOBlit_7676::PROPblock_18;PROPblock_18;PROPblock_47;PROPblock_5;PROPblock_8	72			
grp:A|sink|ledger_uncited	A · ledger content not cited	removed	sink	0	1	4394	24	BLKpoint_1;BLKpoint_14;BLKpoint_15;BLKpoint_16;BLKpoint_17;BLKpoint_18;BLKpoint_19;BLKpoint_2;BLKpoint_20;BLKpoint_21;BLKpoint_24;BLKpoint_25;BLKpoint_26;BLKpoint_27;BLKpoint_28;BLKpoint_29;BLKpoint_3;BLKpoint_30;BLKpoint_31;BLKpoint_4;BLKpoint_5;BLKpoint_6;BLKpoint_7;BLKpoint_8		73			
grp:A|inspection|raw	A · inspection · raw results	validation	raw	1	0	2784	7	BLKprop_1;GLOBlit_2825;GLOBlit_2825::PROPblock_11;GLOBmeas_140;GLOBphase_1;GLOBprop_4;PROPblock_11	GLOBlit_2825::PROPblock_11;PROPblock_11	120	run_history.md::Step 5 [A · c12]		
grp:A|inspection|hardcoded	A · inspection · hardcoded compact	validation	hardcoded	0	0	1338	7	BLKprop_1;GLOBlit_2825;GLOBlit_2825::PROPblock_11;GLOBmeas_140;GLOBphase_1;GLOBprop_4;PROPblock_11	GLOBlit_2825::PROPblock_11;PROPblock_11	121	run_history.md::Step 5 [A · c12]		
grp:A|inspection|asis	A · inspection · delivered as-is	validation	asis	0	0	1338	7	BLKprop_1;GLOBlit_2825;GLOBlit_2825::PROPblock_11;GLOBmeas_140;GLOBphase_1;GLOBprop_4;PROPblock_11	GLOBlit_2825::PROPblock_11;PROPblock_11	122	run_history.md::Step 5 [A · c12]		
grp:A|sink|hardcoded_cut	A · hardcoded compaction cut	removed	sink	0	1	7270	0			125			
grp:A|fitting|raw	A · fitting · raw results (2×)	raw	raw	1	0	7545	8	BLKprop_1;GLOBlit_2825;GLOBlit_2825::PROPblock_11;GLOBlit_5201;GLOBlit_5201::PROPblock_21;GLOBprop_4;PROPblock_11;PROPblock_21	GLOBlit_2825::PROPblock_11;GLOBlit_5201::PROPblock_21;PROPblock_11;PROPblock_21	160	run_history.md::Step 9 [A · c16] | run_history.md::Step 13 [A · c20]		
grp:A|fitting|hardcoded	A · fitting · hardcoded compact (2×)	hardcoded	hardcoded	0	0	1721	8	BLKprop_1;GLOBlit_2825;GLOBlit_2825::PROPblock_11;GLOBlit_5201;GLOBlit_5201::PROPblock_21;GLOBprop_4;PROPblock_11;PROPblock_21	GLOBlit_2825::PROPblock_11;GLOBlit_5201::PROPblock_21;PROPblock_11;PROPblock_21	161	run_history.md::Step 9 [A · c16] | run_history.md::Step 13 [A · c20]		
grp:A|fitting|asis	A · fitting · delivered as-is (2×)	agentic	asis	0	0	1721	8	BLKprop_1;GLOBlit_2825;GLOBlit_2825::PROPblock_11;GLOBlit_5201;GLOBlit_5201::PROPblock_21;GLOBprop_4;PROPblock_11;PROPblock_21	GLOBlit_2825::PROPblock_11;GLOBlit_5201::PROPblock_21;PROPblock_11;PROPblock_21	162	run_history.md::Step 9 [A · c16] | run_history.md::Step 13 [A · c20]		
